{
 "cells": [
  {
   "cell_type": "code",
   "execution_count": 1,
   "metadata": {},
   "outputs": [],
   "source": [
    "import sys\n",
    "sys.path.append('../scripts/')\n",
    "from kf import *"
   ]
  },
  {
   "cell_type": "code",
   "execution_count": 2,
   "metadata": {},
   "outputs": [],
   "source": [
    "def make_ax():\n",
    "    fig = plt.figure(figsize=(4, 4))\n",
    "    ax = fig.add_subplot(111)\n",
    "    ax.set_aspect('equal')\n",
    "    ax.set_xlim(-5, 5)\n",
    "    ax.set_ylim(-5, 5)\n",
    "    ax.set_xlabel(\"X\", fontsize=10)\n",
    "    ax.set_ylabel(\"Y\", fontsize=10)\n",
    "    return ax\n",
    "\n",
    "def draw_trajectory(xs, ax):\n",
    "    poses = [xs[s] for s in range(len(xs))]\n",
    "    ax.scatter([e[0] for e in poses], [e[1] for e in poses], s=5, marker=\".\", color=\"black\")\n",
    "    ax.plot([e[0] for e in poses], [e[1] for e in poses], linewidth=0.5, color=\"black\")\n",
    "    \n",
    "def draw_observation(xs, zlist, ax):\n",
    "    for s in range(len(xs)):\n",
    "        if s not in zlist:\n",
    "            continue\n",
    "            \n",
    "        for obs in zlist[s]:\n",
    "            x, y, theta = xs[s]\n",
    "            ell, phi = obs[1][0], obs[1][1]\n",
    "            mx = x + ell*math.cos(theta + phi)\n",
    "            my = y + ell*math.sin(theta + phi)\n",
    "            ax.plot([x, mx], [y, my], color=\"pink\", alpha=0.5)\n",
    "\n",
    "def draw_edges(edges, ax):\n",
    "    for e in edges:\n",
    "        ax.plot([e.x1[0], e.x2[0]], [e.x1[1], e.x2[1]], color=\"red\", alpha=0.5)\n",
    "            \n",
    "def draw(xs, zlist, edges):\n",
    "    ax = make_ax()\n",
    "    draw_observation(xs, zlist, ax)\n",
    "    draw_edges(edges, ax)\n",
    "    draw_trajectory(xs, ax)\n",
    "    plt.show()"
   ]
  },
  {
   "cell_type": "code",
   "execution_count": 3,
   "metadata": {},
   "outputs": [],
   "source": [
    "def read_data():\n",
    "    hat_xs = {}\n",
    "    zlist = {}\n",
    "    \n",
    "    with open(\"log.txt\") as f:\n",
    "        for line in f.readlines():\n",
    "            tmp = line.rstrip().split()\n",
    "            \n",
    "            step = int(tmp[1])\n",
    "            if tmp[0] == \"x\":\n",
    "                hat_xs[step] = np.array([float(tmp[2]), float(tmp[3]), float(tmp[4])]).T\n",
    "            elif tmp[0] == \"z\":\n",
    "                if step not in zlist:\n",
    "                    zlist[step] = []\n",
    "                zlist[step].append((int(tmp[2]), np.array([float(tmp[3]), float(tmp[4]), float(tmp[5])]).T))\n",
    "                \n",
    "        return hat_xs, zlist"
   ]
  },
  {
   "cell_type": "code",
   "execution_count": 4,
   "metadata": {},
   "outputs": [],
   "source": [
    "class ObsEdge:\n",
    "    def __init__(self, t1, t2, z1, z2, xs, sensor_noise_rate=[0.14, 0.05, 0.05]):\n",
    "        assert z1[0] == z2[0]\n",
    "        \n",
    "        self.t1, self.t2 = t1, t2\n",
    "        self.x1, self.x2 = xs[t1], xs[t2]\n",
    "        self.z1, self.z2 = z1[1], z2[1]\n",
    "        \n",
    "        s1 = math.sin(self.x1[2] + self.z1[1])\n",
    "        c1 = math.cos(self.x1[2] + self.z1[1])\n",
    "        s2 = math.sin(self.x2[2] + self.z2[1])\n",
    "        c2 = math.cos(self.x2[2] + self.z2[1])\n",
    "        \n",
    "        hat_e = self.x2 - self.x1 + np.array([\n",
    "            self.z2[0]*c2 - self.z1[0]*c1,\n",
    "            self.z2[0]*s2 - self.z1[0]*s1,\n",
    "            self.z2[1] - self.z2[2] - self.z1[1] + self.z1[2]\n",
    "        ])\n",
    "        while hat_e[2] >= math.pi: hat_e[2] -= math.pi*2\n",
    "        while hat_e[2] < - math.pi: hat_e[2] += math.pi*2\n",
    "            \n",
    "        Q1 = np.diag([(self.z1[0]*sensor_noise_rate[0])**2, sensor_noise_rate[1]**2, sensor_noise_rate[2]**2])\n",
    "        R1 = - np.array([[c1, -self.z1[0]*s1, 0],\n",
    "                        [s1, self.z1[0]*c1, 0],\n",
    "                        [0, 1, -1]])\n",
    "        \n",
    "        Q2 = np.diag([(self.z2[0]*sensor_noise_rate[0])**2, sensor_noise_rate[1]**2, sensor_noise_rate[2]**2])\n",
    "        R2 = np.array([[c2, -self.z2[0]*s2, 0],\n",
    "                      [s2, self.z2[0]*c2, 0],\n",
    "                      [0, 1, -1]])\n",
    "        \n",
    "        Sigma = R1.dot(Q1).dot(R1.T) + R2.dot(Q2).dot(R2.T)\n",
    "        Omega = np.linalg.inv(Sigma)\n",
    "        \n",
    "        print(Sigma)"
   ]
  },
  {
   "cell_type": "code",
   "execution_count": 5,
   "metadata": {},
   "outputs": [],
   "source": [
    "import itertools\n",
    "def make_edges(hat_xs, zlist):\n",
    "    landmark_keys_zlist = {}\n",
    "    \n",
    "    for step in zlist:\n",
    "        for z in zlist[step]:\n",
    "            landmark_id = z[0]\n",
    "            if landmark_id not in landmark_keys_zlist:\n",
    "                landmark_keys_zlist[landmark_id] = []\n",
    "                \n",
    "            landmark_keys_zlist[landmark_id].append((step, z))\n",
    "            \n",
    "    edges = []\n",
    "    for landmark_id in landmark_keys_zlist:\n",
    "        step_pairs = list(itertools.combinations(landmark_keys_zlist[landmark_id], 2))\n",
    "        edges += [ObsEdge(xz1[0], xz2[0], xz1[1], xz2[1], hat_xs) for xz1, xz2 in step_pairs]\n",
    "        \n",
    "    return edges"
   ]
  },
  {
   "cell_type": "code",
   "execution_count": 6,
   "metadata": {},
   "outputs": [
    {
     "name": "stdout",
     "output_type": "stream",
     "text": [
      "[[ 0.12467633  0.00761939 -0.00055506]\n",
      " [ 0.00761939  0.01672374  0.00879378]\n",
      " [-0.00055506  0.00879378  0.01      ]]\n",
      "[[0.09311014 0.00340994 0.00024708]\n",
      " [0.00340994 0.01448072 0.00694825]\n",
      " [0.00024708 0.00694825 0.01      ]]\n",
      "[[ 0.18880057 -0.10845566  0.00799577]\n",
      " [-0.10845566  0.24831637  0.01009167]\n",
      " [ 0.00799577  0.01009167  0.01      ]]\n",
      "[[ 0.19363178 -0.12533378  0.00991096]\n",
      " [-0.12533378  0.36080862  0.0097708 ]\n",
      " [ 0.00991096  0.0097708   0.01      ]]\n",
      "[[ 0.18772615 -0.08747217  0.00600869]\n",
      " [-0.08747217  0.15602513  0.01042921]\n",
      " [ 0.00600869  0.01042921  0.01      ]]\n",
      "[[ 0.16442667 -0.0523178   0.00396599]\n",
      " [-0.0523178   0.08371387  0.00998019]\n",
      " [ 0.00396599  0.00998019  0.01      ]]\n",
      "[[ 0.12493171 -0.01508265  0.00175495]\n",
      " [-0.01508265  0.03263742  0.00871455]\n",
      " [ 0.00175495  0.00871455  0.01      ]]\n",
      "[[0.08458097 0.00564102 0.00021771]\n",
      " [0.00564102 0.01325754 0.00590746]\n",
      " [0.00021771 0.00590746 0.01      ]]\n",
      "[[ 0.11391729 -0.00536151  0.00823362]\n",
      " [-0.00536151  0.25142837  0.00564922]\n",
      " [ 0.00823362  0.00564922  0.01      ]]\n",
      "[[ 0.14410375 -0.06740232  0.00884451]\n",
      " [-0.06740232  0.28940224  0.00803787]\n",
      " [ 0.00884451  0.00803787  0.01      ]]\n",
      "[[ 0.11321284 -0.03031699  0.00585709]\n",
      " [-0.03031699  0.14049056  0.00727672]\n",
      " [ 0.00585709  0.00727672  0.01      ]]\n",
      "[[ 0.14044775 -0.0603042   0.00659348]\n",
      " [-0.0603042   0.1745854   0.0085957 ]\n",
      " [ 0.00659348  0.0085957   0.01      ]]\n",
      "[[ 0.1183812  -0.03027086  0.00412668]\n",
      " [-0.03027086  0.08236248  0.00807575]\n",
      " [ 0.00412668  0.00807575  0.01      ]]\n",
      "[[ 0.11855795 -0.02083081  0.00269417]\n",
      " [-0.02083081  0.04769616  0.00831828]\n",
      " [ 0.00269417  0.00831828  0.01      ]]\n",
      "[[ 0.09639912 -0.00175215  0.00109983]\n",
      " [-0.00175215  0.02114958  0.00715336]\n",
      " [ 0.00109983  0.00715336  0.01      ]]\n",
      "[[ 0.08714982  0.00609868 -0.00018118]\n",
      " [ 0.00609868  0.01227445  0.00634348]\n",
      " [-0.00018118  0.00634348  0.01      ]]\n",
      "[[0.11579762 0.03824251 0.00777494]\n",
      " [0.03824251 0.22756022 0.00375566]\n",
      " [0.00777494 0.00375566 0.01      ]]\n",
      "[[ 0.05290336 -0.00339111  0.00072064]\n",
      " [-0.00339111  0.0085414   0.0054941 ]\n",
      " [ 0.00072064  0.0054941   0.01      ]]\n",
      "[[ 0.14859379 -0.11525671  0.00846933]\n",
      " [-0.11525671  0.24237705  0.00863751]\n",
      " [ 0.00846933  0.00863751  0.01      ]]\n",
      "[[ 0.153425   -0.13213483  0.01038452]\n",
      " [-0.13213483  0.3548693   0.00831664]\n",
      " [ 0.01038452  0.00831664  0.01      ]]\n",
      "[[ 0.14751937 -0.09427322  0.00648225]\n",
      " [-0.09427322  0.15008581  0.00897506]\n",
      " [ 0.00648225  0.00897506  0.01      ]]\n",
      "[[ 0.12421988 -0.05911885  0.00443955]\n",
      " [-0.05911885  0.07777455  0.00852603]\n",
      " [ 0.00443955  0.00852603  0.01      ]]\n",
      "[[ 0.08472493 -0.0218837   0.00222851]\n",
      " [-0.0218837   0.0266981   0.0072604 ]\n",
      " [ 0.00222851  0.0072604   0.01      ]]\n",
      "[[ 0.04437419 -0.00116003  0.00069127]\n",
      " [-0.00116003  0.00731822  0.0044533 ]\n",
      " [ 0.00069127  0.0044533   0.01      ]]\n",
      "[[ 0.07371051 -0.01216255  0.00870718]\n",
      " [-0.01216255  0.24548905  0.00419507]\n",
      " [ 0.00870718  0.00419507  0.01      ]]\n",
      "[[ 0.10389697 -0.07420337  0.00931807]\n",
      " [-0.07420337  0.28346292  0.00658371]\n",
      " [ 0.00931807  0.00658371  0.01      ]]\n",
      "[[ 0.07300605 -0.03711804  0.00633065]\n",
      " [-0.03711804  0.13455124  0.00582257]\n",
      " [ 0.00633065  0.00582257  0.01      ]]\n",
      "[[ 0.10024096 -0.06710525  0.00706704]\n",
      " [-0.06710525  0.16864608  0.00714154]\n",
      " [ 0.00706704  0.00714154  0.01      ]]\n",
      "[[ 0.07817442 -0.03707191  0.00460024]\n",
      " [-0.03707191  0.07642316  0.0066216 ]\n",
      " [ 0.00460024  0.0066216   0.01      ]]\n",
      "[[ 0.07835117 -0.02763185  0.00316773]\n",
      " [-0.02763185  0.04175684  0.00686413]\n",
      " [ 0.00316773  0.00686413  0.01      ]]\n",
      "[[ 0.05619233 -0.00855319  0.00157339]\n",
      " [-0.00855319  0.01521026  0.0056992 ]\n",
      " [ 0.00157339  0.0056992   0.01      ]]\n",
      "[[ 0.04694304 -0.00070236  0.00029238]\n",
      " [-0.00070236  0.00633513  0.00488932]\n",
      " [ 0.00029238  0.00488932  0.01      ]]\n",
      "[[0.07559083 0.03144146 0.0082485 ]\n",
      " [0.03144146 0.2216209  0.00230151]\n",
      " [0.0082485  0.00230151 0.01      ]]\n",
      "[[ 0.1170276  -0.11946616  0.00927147]\n",
      " [-0.11946616  0.24013403  0.00679199]\n",
      " [ 0.00927147  0.00679199  0.01      ]]\n",
      "[[ 0.12185881 -0.13634428  0.01118665]\n",
      " [-0.13634428  0.35262628  0.00647112]\n",
      " [ 0.01118665  0.00647112  0.01      ]]\n",
      "[[ 0.11595318 -0.09848267  0.00728439]\n",
      " [-0.09848267  0.14784279  0.00712954]\n",
      " [ 0.00728439  0.00712954  0.01      ]]\n",
      "[[ 0.0926537  -0.0633283   0.00524169]\n",
      " [-0.0633283   0.07553153  0.00668051]\n",
      " [ 0.00524169  0.00668051  0.01      ]]\n",
      "[[ 0.05315874 -0.02609315  0.00303065]\n",
      " [-0.02609315  0.02445508  0.00541488]\n",
      " [ 0.00303065  0.00541488  0.01      ]]\n",
      "[[ 0.012808   -0.00536948  0.00149341]\n",
      " [-0.00536948  0.00507519  0.00260778]\n",
      " [ 0.00149341  0.00260778  0.01      ]]\n",
      "[[ 0.04214432 -0.016372    0.00950932]\n",
      " [-0.016372    0.24324602  0.00234955]\n",
      " [ 0.00950932  0.00234955  0.01      ]]\n",
      "[[ 0.07233078 -0.07841282  0.01012021]\n",
      " [-0.07841282  0.28121989  0.00473819]\n",
      " [ 0.01012021  0.00473819  0.01      ]]\n",
      "[[ 0.04143987 -0.04132749  0.00713279]\n",
      " [-0.04132749  0.13230821  0.00397705]\n",
      " [ 0.00713279  0.00397705  0.01      ]]\n",
      "[[ 0.06867478 -0.0713147   0.00786917]\n",
      " [-0.0713147   0.16640306  0.00529602]\n",
      " [ 0.00786917  0.00529602  0.01      ]]\n",
      "[[ 0.04660823 -0.04128136  0.00540238]\n",
      " [-0.04128136  0.07418014  0.00477608]\n",
      " [ 0.00540238  0.00477608  0.01      ]]\n",
      "[[ 0.04678498 -0.0318413   0.00396987]\n",
      " [-0.0318413   0.03951381  0.0050186 ]\n",
      " [ 0.00396987  0.0050186   0.01      ]]\n",
      "[[ 0.02462615 -0.01276264  0.00237553]\n",
      " [-0.01276264  0.01296723  0.00385368]\n",
      " [ 0.00237553  0.00385368  0.01      ]]\n",
      "[[ 0.01537685 -0.00491182  0.00109452]\n",
      " [-0.00491182  0.0040921   0.0030438 ]\n",
      " [ 0.00109452  0.0030438   0.01      ]]\n",
      "[[0.04402464 0.02723201 0.00905064]\n",
      " [0.02723201 0.21937787 0.00045599]\n",
      " [0.00905064 0.00045599 0.01      ]]\n",
      "[[ 0.21754924 -0.24820989  0.01893534]\n",
      " [-0.24820989  0.58646193  0.00961453]\n",
      " [ 0.01893534  0.00961453  0.01      ]]\n",
      "[[ 0.21164361 -0.21034827  0.01503308]\n",
      " [-0.21034827  0.38167844  0.01027295]\n",
      " [ 0.01503308  0.01027295  0.01      ]]\n",
      "[[ 0.18834412 -0.17519391  0.01299038]\n",
      " [-0.17519391  0.30936718  0.00982392]\n",
      " [ 0.01299038  0.00982392  0.01      ]]\n",
      "[[ 0.14884917 -0.13795876  0.01077934]\n",
      " [-0.13795876  0.25829073  0.00855829]\n",
      " [ 0.01077934  0.00855829  0.01      ]]\n",
      "[[ 0.10849843 -0.11723508  0.0092421 ]\n",
      " [-0.11723508  0.23891084  0.0057512 ]\n",
      " [ 0.0092421   0.0057512   0.01      ]]\n",
      "[[ 0.13783475 -0.12823761  0.01725801]\n",
      " [-0.12823761  0.47708168  0.00549296]\n",
      " [ 0.01725801  0.00549296  0.01      ]]\n",
      "[[ 0.16802121 -0.19027843  0.0178689 ]\n",
      " [-0.19027843  0.51505554  0.0078816 ]\n",
      " [ 0.0178689   0.0078816   0.01      ]]\n",
      "[[ 0.13713029 -0.15319309  0.01488148]\n",
      " [-0.15319309  0.36614387  0.00712046]\n",
      " [ 0.01488148  0.00712046  0.01      ]]\n",
      "[[ 0.16436521 -0.1831803   0.01561787]\n",
      " [-0.1831803   0.40023871  0.00843943]\n",
      " [ 0.01561787  0.00843943  0.01      ]]\n",
      "[[ 0.14229866 -0.15314696  0.01315107]\n",
      " [-0.15314696  0.30801579  0.00791949]\n",
      " [ 0.01315107  0.00791949  0.01      ]]\n",
      "[[ 0.14247541 -0.14370691  0.01171856]\n",
      " [-0.14370691  0.27334946  0.00816202]\n",
      " [ 0.01171856  0.00816202  0.01      ]]\n",
      "[[ 0.12031657 -0.12462825  0.01012422]\n",
      " [-0.12462825  0.24680288  0.00699709]\n",
      " [ 0.01012422  0.00699709  0.01      ]]\n",
      "[[ 0.11106728 -0.11677742  0.00884321]\n",
      " [-0.11677742  0.23792775  0.00618721]\n",
      " [ 0.00884321  0.00618721  0.01      ]]\n",
      "[[ 0.13971507 -0.0846336   0.01679933]\n",
      " [-0.0846336   0.45321353  0.0035994 ]\n",
      " [ 0.01679933  0.0035994   0.01      ]]\n",
      "[[ 0.21647482 -0.22722639  0.01694827]\n",
      " [-0.22722639  0.49417069  0.00995208]\n",
      " [ 0.01694827  0.00995208  0.01      ]]\n",
      "[[ 0.19317533 -0.19207203  0.01490557]\n",
      " [-0.19207203  0.42185943  0.00950305]\n",
      " [ 0.01490557  0.00950305  0.01      ]]\n",
      "[[ 0.15368038 -0.15483687  0.01269453]\n",
      " [-0.15483687  0.37078298  0.00823742]\n",
      " [ 0.01269453  0.00823742  0.01      ]]\n",
      "[[ 0.11332964 -0.1341132   0.01115729]\n",
      " [-0.1341132   0.35140309  0.00543032]\n",
      " [ 0.01115729  0.00543032  0.01      ]]\n",
      "[[ 0.14266596 -0.14511573  0.0191732 ]\n",
      " [-0.14511573  0.58957393  0.00517209]\n",
      " [ 0.0191732   0.00517209  0.01      ]]\n",
      "[[ 0.17285242 -0.20715655  0.01978409]\n",
      " [-0.20715655  0.62754779  0.00756073]\n",
      " [ 0.01978409  0.00756073  0.01      ]]\n",
      "[[ 0.1419615  -0.17007121  0.01679667]\n",
      " [-0.17007121  0.47863612  0.00679959]\n",
      " [ 0.01679667  0.00679959  0.01      ]]\n",
      "[[ 0.16919642 -0.20005842  0.01753305]\n",
      " [-0.20005842  0.51273096  0.00811856]\n",
      " [ 0.01753305  0.00811856  0.01      ]]\n",
      "[[ 0.14712987 -0.17002508  0.01506626]\n",
      " [-0.17002508  0.42050804  0.00759862]\n",
      " [ 0.01506626  0.00759862  0.01      ]]\n",
      "[[ 0.14730662 -0.16058503  0.01363375]\n",
      " [-0.16058503  0.38584172  0.00784115]\n",
      " [ 0.01363375  0.00784115  0.01      ]]\n",
      "[[ 0.12514778 -0.14150637  0.01203941]\n",
      " [-0.14150637  0.35929513  0.00667622]\n",
      " [ 0.01203941  0.00667622  0.01      ]]\n",
      "[[ 0.11589849 -0.13365554  0.0107584 ]\n",
      " [-0.13365554  0.35042     0.00586634]\n",
      " [ 0.0107584   0.00586634  0.01      ]]\n",
      "[[ 0.14454628 -0.10151172  0.01871452]\n",
      " [-0.10151172  0.56570578  0.00327853]\n",
      " [ 0.01871452  0.00327853  0.01      ]]\n",
      "[[ 0.18726971 -0.15421041  0.0110033 ]\n",
      " [-0.15421041  0.21707594  0.01016147]\n",
      " [ 0.0110033   0.01016147  0.01      ]]\n",
      "[[ 0.14777475 -0.11697526  0.00879226]\n",
      " [-0.11697526  0.16599949  0.00889584]\n",
      " [ 0.00879226  0.00889584  0.01      ]]\n",
      "[[ 0.10742401 -0.09625158  0.00725503]\n",
      " [-0.09625158  0.14661961  0.00608874]\n",
      " [ 0.00725503  0.00608874  0.01      ]]\n",
      "[[ 0.13676033 -0.10725411  0.01527093]\n",
      " [-0.10725411  0.38479044  0.00583051]\n",
      " [ 0.01527093  0.00583051  0.01      ]]\n",
      "[[ 0.16694679 -0.16929493  0.01588182]\n",
      " [-0.16929493  0.4227643   0.00821915]\n",
      " [ 0.01588182  0.00821915  0.01      ]]\n",
      "[[ 0.13605587 -0.1322096   0.0128944 ]\n",
      " [-0.1322096   0.27385263  0.00745801]\n",
      " [ 0.0128944   0.00745801  0.01      ]]\n",
      "[[ 0.16329079 -0.1621968   0.01363079]\n",
      " [-0.1621968   0.30794747  0.00877698]\n",
      " [ 0.01363079  0.00877698  0.01      ]]\n",
      "[[ 0.14122424 -0.13216346  0.01116399]\n",
      " [-0.13216346  0.21572455  0.00825704]\n",
      " [ 0.01116399  0.00825704  0.01      ]]\n",
      "[[ 0.14140099 -0.12272341  0.00973149]\n",
      " [-0.12272341  0.18105823  0.00849956]\n",
      " [ 0.00973149  0.00849956  0.01      ]]\n",
      "[[ 0.11924216 -0.10364475  0.00813714]\n",
      " [-0.10364475  0.15451164  0.00733464]\n",
      " [ 0.00813714  0.00733464  0.01      ]]\n",
      "[[ 0.10999286 -0.09579392  0.00685614]\n",
      " [-0.09579392  0.14563652  0.00652476]\n",
      " [ 0.00685614  0.00652476  0.01      ]]\n",
      "[[ 0.13864065 -0.0636501   0.01481225]\n",
      " [-0.0636501   0.36092229  0.00393694]\n",
      " [ 0.01481225  0.00393694  0.01      ]]\n",
      "[[ 0.12447527 -0.0818209   0.00674956]\n",
      " [-0.0818209   0.09368823  0.00844681]\n",
      " [ 0.00674956  0.00844681  0.01      ]]\n",
      "[[ 0.08412453 -0.06109722  0.00521232]\n",
      " [-0.06109722  0.07430834  0.00563971]\n",
      " [ 0.00521232  0.00563971  0.01      ]]\n",
      "[[ 0.11346084 -0.07209975  0.01322823]\n",
      " [-0.07209975  0.31247918  0.00538148]\n",
      " [ 0.01322823  0.00538148  0.01      ]]\n",
      "[[ 0.14364731 -0.13414057  0.01383912]\n",
      " [-0.13414057  0.35045304  0.00777012]\n",
      " [ 0.01383912  0.00777012  0.01      ]]\n",
      "[[ 0.11275639 -0.09705523  0.0108517 ]\n",
      " [-0.09705523  0.20154137  0.00700898]\n",
      " [ 0.0108517   0.00700898  0.01      ]]\n",
      "[[ 0.1399913  -0.12704244  0.01158809]\n",
      " [-0.12704244  0.23563621  0.00832795]\n",
      " [ 0.01158809  0.00832795  0.01      ]]\n",
      "[[ 0.11792476 -0.0970091   0.00912129]\n",
      " [-0.0970091   0.14341329  0.00780801]\n",
      " [ 0.00912129  0.00780801  0.01      ]]\n",
      "[[ 0.1181015  -0.08756905  0.00768878]\n",
      " [-0.08756905  0.10874697  0.00805053]\n",
      " [ 0.00768878  0.00805053  0.01      ]]\n",
      "[[ 0.09594267 -0.06849039  0.00609444]\n",
      " [-0.06849039  0.08220038  0.00688561]\n",
      " [ 0.00609444  0.00688561  0.01      ]]\n",
      "[[ 0.08669338 -0.06063956  0.00481344]\n",
      " [-0.06063956  0.07332525  0.00607573]\n",
      " [ 0.00481344  0.00607573  0.01      ]]\n",
      "[[ 0.11534117 -0.02849574  0.01276955]\n",
      " [-0.02849574  0.28861103  0.00348792]\n",
      " [ 0.01276955  0.00348792  0.01      ]]\n",
      "[[ 0.04462957 -0.02386207  0.00300129]\n",
      " [-0.02386207  0.0232319   0.00437408]\n",
      " [ 0.00300129  0.00437408  0.01      ]]\n",
      "[[ 0.07396589 -0.0348646   0.01101719]\n",
      " [-0.0348646   0.26140273  0.00411585]\n",
      " [ 0.01101719  0.00411585  0.01      ]]\n",
      "[[ 0.10415235 -0.09690541  0.01162808]\n",
      " [-0.09690541  0.2993766   0.00650449]\n",
      " [ 0.01162808  0.00650449  0.01      ]]\n",
      "[[ 0.07326143 -0.05982008  0.00864066]\n",
      " [-0.05982008  0.15046492  0.00574335]\n",
      " [ 0.00864066  0.00574335  0.01      ]]\n",
      "[[ 0.10049635 -0.08980729  0.00937705]\n",
      " [-0.08980729  0.18455976  0.00706232]\n",
      " [ 0.00937705  0.00706232  0.01      ]]\n",
      "[[ 0.0784298  -0.05977395  0.00691025]\n",
      " [-0.05977395  0.09233684  0.00654238]\n",
      " [ 0.00691025  0.00654238  0.01      ]]\n",
      "[[ 0.07860655 -0.0503339   0.00547775]\n",
      " [-0.0503339   0.05767052  0.0067849 ]\n",
      " [ 0.00547775  0.0067849   0.01      ]]\n",
      "[[ 0.05644771 -0.03125524  0.0038834 ]\n",
      " [-0.03125524  0.03112394  0.00561998]\n",
      " [ 0.0038834   0.00561998  0.01      ]]\n",
      "[[ 0.04719842 -0.02340441  0.0026024 ]\n",
      " [-0.02340441  0.02224881  0.0048101 ]\n",
      " [ 0.0026024   0.0048101   0.01      ]]\n",
      "[[0.07584621 0.00873942 0.01055851]\n",
      " [0.00873942 0.23753458 0.00222229]\n",
      " [0.01055851 0.00222229 0.01      ]]\n",
      "[[ 0.03361515 -0.01414092  0.00947996]\n",
      " [-0.01414092  0.24202284  0.00130875]\n",
      " [ 0.00947996  0.00130875  0.01      ]]\n",
      "[[ 0.06380161 -0.07618174  0.01009084]\n",
      " [-0.07618174  0.27999671  0.00369739]\n",
      " [ 0.01009084  0.00369739  0.01      ]]\n",
      "[[ 0.03291069 -0.03909641  0.00710343]\n",
      " [-0.03909641  0.13108503  0.00293625]\n",
      " [ 0.00710343  0.00293625  0.01      ]]\n",
      "[[ 0.06014561 -0.06908361  0.00783981]\n",
      " [-0.06908361  0.16517988  0.00425522]\n",
      " [ 0.00783981  0.00425522  0.01      ]]\n",
      "[[ 0.03807906 -0.03905028  0.00537302]\n",
      " [-0.03905028  0.07295696  0.00373528]\n",
      " [ 0.00537302  0.00373528  0.01      ]]\n",
      "[[ 0.03825581 -0.02961022  0.00394051]\n",
      " [-0.02961022  0.03829063  0.00397781]\n",
      " [ 0.00394051  0.00397781  0.01      ]]\n",
      "[[ 0.01609698 -0.01053156  0.00234616]\n",
      " [-0.01053156  0.01174405  0.00281288]\n",
      " [ 0.00234616  0.00281288  0.01      ]]\n",
      "[[ 0.00684768 -0.00268073  0.00106516]\n",
      " [-0.00268073  0.00286892  0.002003  ]\n",
      " [ 0.00106516  0.002003    0.01      ]]\n",
      "[[ 0.03549547  0.02946309  0.00902128]\n",
      " [ 0.02946309  0.21815469 -0.00058481]\n",
      " [ 0.00902128 -0.00058481  0.01      ]]\n",
      "[[ 0.09313793 -0.08718427  0.01810675]\n",
      " [-0.08718427  0.51816754  0.00343916]\n",
      " [ 0.01810675  0.00343916  0.01      ]]\n",
      "[[ 0.06224701 -0.05009893  0.01511934]\n",
      " [-0.05009893  0.36925587  0.00267802]\n",
      " [ 0.01511934  0.00267802  0.01      ]]\n",
      "[[ 0.08948193 -0.08008614  0.01585572]\n",
      " [-0.08008614  0.40335071  0.00399699]\n",
      " [ 0.01585572  0.00399699  0.01      ]]\n",
      "[[ 0.06741538 -0.0500528   0.01338892]\n",
      " [-0.0500528   0.31112779  0.00347705]\n",
      " [ 0.01338892  0.00347705  0.01      ]]\n",
      "[[ 0.06759213 -0.04061275  0.01195642]\n",
      " [-0.04061275  0.27646146  0.00371957]\n",
      " [ 0.01195642  0.00371957  0.01      ]]\n",
      "[[ 0.04543329 -0.02153409  0.01036207]\n",
      " [-0.02153409  0.24991488  0.00255465]\n",
      " [ 0.01036207  0.00255465  0.01      ]]\n",
      "[[ 0.036184   -0.01368326  0.00908107]\n",
      " [-0.01368326  0.24103975  0.00174477]\n",
      " [ 0.00908107  0.00174477  0.01      ]]\n",
      "[[ 0.06483179  0.01846056  0.01703718]\n",
      " [ 0.01846056  0.45632553 -0.00084304]\n",
      " [ 0.01703718 -0.00084304  0.01      ]]\n",
      "[[ 0.09243347 -0.11213975  0.01573022]\n",
      " [-0.11213975  0.40722973  0.00506666]\n",
      " [ 0.01573022  0.00506666  0.01      ]]\n",
      "[[ 0.11966839 -0.14212696  0.01646661]\n",
      " [-0.14212696  0.44132458  0.00638563]\n",
      " [ 0.01646661  0.00638563  0.01      ]]\n",
      "[[ 0.09760184 -0.11209362  0.01399981]\n",
      " [-0.11209362  0.34910165  0.00586569]\n",
      " [ 0.01399981  0.00586569  0.01      ]]\n",
      "[[ 0.09777859 -0.10265357  0.0125673 ]\n",
      " [-0.10265357  0.31443533  0.00610822]\n",
      " [ 0.0125673   0.00610822  0.01      ]]\n",
      "[[ 0.07561975 -0.08357491  0.01097296]\n",
      " [-0.08357491  0.28788875  0.00494329]\n",
      " [ 0.01097296  0.00494329  0.01      ]]\n",
      "[[ 0.06637046 -0.07572408  0.00969196]\n",
      " [-0.07572408  0.27901362  0.00413341]\n",
      " [ 0.00969196  0.00413341  0.01      ]]\n",
      "[[ 0.09501825 -0.04358026  0.01764807]\n",
      " [-0.04358026  0.49429939  0.0015456 ]\n",
      " [ 0.01764807  0.0015456   0.01      ]]\n",
      "[[ 0.08877747 -0.10504163  0.01347919]\n",
      " [-0.10504163  0.2924129   0.00562449]\n",
      " [ 0.01347919  0.00562449  0.01      ]]\n",
      "[[ 0.06671092 -0.07500829  0.0110124 ]\n",
      " [-0.07500829  0.20018998  0.00510454]\n",
      " [ 0.0110124   0.00510454  0.01      ]]\n",
      "[[ 0.06688767 -0.06556823  0.00957989]\n",
      " [-0.06556823  0.16552365  0.00534707]\n",
      " [ 0.00957989  0.00534707  0.01      ]]\n",
      "[[ 0.04472884 -0.04648957  0.00798554]\n",
      " [-0.04648957  0.13897707  0.00418215]\n",
      " [ 0.00798554  0.00418215  0.01      ]]\n",
      "[[ 0.03547954 -0.03863875  0.00670454]\n",
      " [-0.03863875  0.13010194  0.00337227]\n",
      " [ 0.00670454  0.00337227  0.01      ]]\n",
      "[[ 0.06412734 -0.00649492  0.01466065]\n",
      " [-0.00649492  0.34538772  0.00078445]\n",
      " [ 0.01466065  0.00078445  0.01      ]]\n",
      "[[ 0.09394584 -0.10499549  0.01174878]\n",
      " [-0.10499549  0.23428482  0.00642352]\n",
      " [ 0.01174878  0.00642352  0.01      ]]\n",
      "[[ 0.09412259 -0.09555544  0.01031627]\n",
      " [-0.09555544  0.1996185   0.00666605]\n",
      " [ 0.01031627  0.00666605  0.01      ]]\n",
      "[[ 0.07196375 -0.07647678  0.00872193]\n",
      " [-0.07647678  0.17307192  0.00550112]\n",
      " [ 0.00872193  0.00550112  0.01      ]]\n",
      "[[ 0.06271446 -0.06862595  0.00744092]\n",
      " [-0.06862595  0.16419679  0.00469124]\n",
      " [ 0.00744092  0.00469124  0.01      ]]\n",
      "[[ 0.09136225 -0.03648213  0.01539704]\n",
      " [-0.03648213  0.37948256  0.00210343]\n",
      " [ 0.01539704  0.00210343  0.01      ]]\n",
      "[[ 0.07205604 -0.0655221   0.00784948]\n",
      " [-0.0655221   0.10739558  0.0061461 ]\n",
      " [ 0.00784948  0.0061461   0.01      ]]\n",
      "[[ 0.04989721 -0.04644344  0.00625513]\n",
      " [-0.04644344  0.08084899  0.00498118]\n",
      " [ 0.00625513  0.00498118  0.01      ]]\n",
      "[[ 0.04064791 -0.03859261  0.00497413]\n",
      " [-0.03859261  0.07197387  0.0041713 ]\n",
      " [ 0.00497413  0.0041713   0.01      ]]\n",
      "[[ 0.0692957  -0.00644879  0.01293024]\n",
      " [-0.00644879  0.28725964  0.00158348]\n",
      " [ 0.01293024  0.00158348  0.01      ]]\n",
      "[[ 0.05007395 -0.03700339  0.00482262]\n",
      " [-0.03700339  0.04618267  0.00522371]\n",
      " [ 0.00482262  0.00522371  0.01      ]]\n",
      "[[ 0.04082466 -0.02915256  0.00354162]\n",
      " [-0.02915256  0.03730754  0.00441383]\n",
      " [ 0.00354162  0.00441383  0.01      ]]\n",
      "[[0.06947245 0.00299126 0.01149774]\n",
      " [0.00299126 0.25259331 0.00182601]\n",
      " [0.01149774 0.00182601 0.01      ]]\n",
      "[[ 0.01866583 -0.0100739   0.00194728]\n",
      " [-0.0100739   0.01076096  0.0032489 ]\n",
      " [ 0.00194728  0.0032489   0.01      ]]\n",
      "[[0.04731362 0.02206992 0.00990339]\n",
      " [0.02206992 0.22604673 0.00066109]\n",
      " [0.00990339 0.00066109 0.01      ]]\n",
      "[[ 3.80643227e-02  2.99207514e-02  8.62238640e-03]\n",
      " [ 2.99207514e-02  2.17171603e-01 -1.48793548e-04]\n",
      " [ 8.62238640e-03 -1.48793548e-04  1.00000000e-02]]\n",
      "[[ 0.35082218  0.42580008 -0.03020222]\n",
      " [ 0.42580008  1.45337886  0.01025741]\n",
      " [-0.03020222  0.01025741  0.01      ]]\n",
      "[[ 0.28752097  0.33948416 -0.02792189]\n",
      " [ 0.33948416  1.25607233  0.00851223]\n",
      " [-0.02792189  0.00851223  0.01      ]]\n",
      "[[ 0.25039396  0.27773005 -0.02594642]\n",
      " [ 0.27773005  1.11333901  0.00683832]\n",
      " [-0.02594642  0.00683832  0.01      ]]\n",
      "[[ 0.24497759  0.28796759 -0.02468267]\n",
      " [ 0.28796759  1.03699668  0.00738949]\n",
      " [-0.02468267  0.00738949  0.01      ]]\n",
      "[[ 0.23699636  0.28636309 -0.02306856]\n",
      " [ 0.28636309  0.9536841   0.00764557]\n",
      " [-0.02306856  0.00764557  0.01      ]]\n",
      "[[ 0.44316754  0.48917003 -0.02694493]\n",
      " [ 0.48917003  1.20466985  0.01356993]\n",
      " [-0.02694493  0.01356993  0.01      ]]\n",
      "[[ 0.53245417  0.55671383 -0.02772865]\n",
      " [ 0.55671383  1.2727524   0.01510765]\n",
      " [-0.02772865  0.01510765  0.01      ]]\n",
      "[[ 0.30988856  0.36768676 -0.0245254 ]\n",
      " [ 0.36768676  1.03655093  0.01068579]\n",
      " [-0.0245254   0.01068579  0.01      ]]\n",
      "[[ 0.34140661  0.39270231 -0.02470547]\n",
      " [ 0.39270231  1.05057422  0.01159538]\n",
      " [-0.02470547  0.01159538  0.01      ]]\n",
      "[[ 0.29819326  0.34701844 -0.02307889]\n",
      " [ 0.34701844  0.9619653   0.01061221]\n",
      " [-0.02307889  0.01061221  0.01      ]]\n",
      "[[ 0.28612487  0.31437309 -0.02056196]\n",
      " [ 0.31437309  0.8640173   0.01062663]\n",
      " [-0.02056196  0.01062663  0.01      ]]\n",
      "[[ 0.65220958  0.53620104 -0.02472472]\n",
      " [ 0.53620104  1.09129824  0.01733891]\n",
      " [-0.02472472  0.01733891  0.01      ]]\n",
      "[[ 0.50152931  0.45492313 -0.02368712]\n",
      " [ 0.45492313  1.01706292  0.01513714]\n",
      " [-0.02368712  0.01513714  0.01      ]]\n",
      "[[ 0.38065019  0.39374029 -0.02314566]\n",
      " [ 0.39374029  0.9755729   0.01283673]\n",
      " [-0.02314566  0.01283673  0.01      ]]\n",
      "[[ 0.38242245  0.38574999 -0.02261842]\n",
      " [ 0.38574999  0.95214973  0.01294619]\n",
      " [-0.02261842  0.01294619  0.01      ]]\n",
      "[[ 0.31230574  0.30772931 -0.01933443]\n",
      " [ 0.30772931  0.83451731  0.01155175]\n",
      " [-0.01933443  0.01155175  0.01      ]]\n",
      "[[ 0.22920157  0.2660949  -0.02689958]\n",
      " [ 0.2660949   1.15338193  0.00708317]\n",
      " [-0.02689958  0.00708317  0.01      ]]\n",
      "[[ 0.19207455  0.20434078 -0.02492411]\n",
      " [ 0.20434078  1.01064862  0.00540926]\n",
      " [-0.02492411  0.00540926  0.01      ]]\n",
      "[[ 0.18665819  0.21457833 -0.02366036]\n",
      " [ 0.21457833  0.93430628  0.00596043]\n",
      " [-0.02366036  0.00596043  0.01      ]]\n",
      "[[ 0.17867695  0.21297382 -0.02204625]\n",
      " [ 0.21297382  0.8509937   0.00621651]\n",
      " [-0.02204625  0.00621651  0.01      ]]\n",
      "[[ 0.38484814  0.41578077 -0.02592262]\n",
      " [ 0.41578077  1.10197945  0.01214087]\n",
      " [-0.02592262  0.01214087  0.01      ]]\n",
      "[[ 0.47413476  0.48332457 -0.02670634]\n",
      " [ 0.48332457  1.17006201  0.01367858]\n",
      " [-0.02670634  0.01367858  0.01      ]]\n",
      "[[ 0.25156915  0.29429749 -0.02350309]\n",
      " [ 0.29429749  0.93386053  0.00925672]\n",
      " [-0.02350309  0.00925672  0.01      ]]\n",
      "[[ 0.2830872   0.31931305 -0.02368316]\n",
      " [ 0.31931305  0.94788383  0.01016631]\n",
      " [-0.02368316  0.01016631  0.01      ]]\n",
      "[[ 0.23987386  0.27362917 -0.02205658]\n",
      " [ 0.27362917  0.8592749   0.00918314]\n",
      " [-0.02205658  0.00918314  0.01      ]]\n",
      "[[ 0.22780546  0.24098382 -0.01953965]\n",
      " [ 0.24098382  0.7613269   0.00919756]\n",
      " [-0.01953965  0.00919756  0.01      ]]\n",
      "[[ 0.59389017  0.46281178 -0.02370241]\n",
      " [ 0.46281178  0.98860784  0.01590985]\n",
      " [-0.02370241  0.01590985  0.01      ]]\n",
      "[[ 0.4432099   0.38153387 -0.02266481]\n",
      " [ 0.38153387  0.91437252  0.01370808]\n",
      " [-0.02266481  0.01370808  0.01      ]]\n",
      "[[ 0.32233078  0.32035102 -0.02212336]\n",
      " [ 0.32035102  0.8728825   0.01140767]\n",
      " [-0.02212336  0.01140767  0.01      ]]\n",
      "[[ 0.32410305  0.31236072 -0.02159611]\n",
      " [ 0.31236072  0.84945934  0.01151712]\n",
      " [-0.02159611  0.01151712  0.01      ]]\n",
      "[[ 0.25398634  0.23434004 -0.01831212]\n",
      " [ 0.23434004  0.73182691  0.01012268]\n",
      " [-0.01831212  0.01012268  0.01      ]]\n",
      "[[ 0.12877334  0.11802487 -0.02264378]\n",
      " [ 0.11802487  0.81334208  0.00366408]\n",
      " [-0.02264378  0.00366408  0.01      ]]\n",
      "[[ 0.12335698  0.12826241 -0.02138003]\n",
      " [ 0.12826241  0.73699975  0.00421526]\n",
      " [-0.02138003  0.00421526  0.01      ]]\n",
      "[[ 0.11537574  0.12665791 -0.01976592]\n",
      " [ 0.12665791  0.65368716  0.00447133]\n",
      " [-0.01976592  0.00447133  0.01      ]]\n",
      "[[ 0.32154693  0.32946485 -0.02364229]\n",
      " [ 0.32946485  0.90467291  0.01039569]\n",
      " [-0.02364229  0.01039569  0.01      ]]\n",
      "[[ 0.41083355  0.39700865 -0.02442601]\n",
      " [ 0.39700865  0.97275547  0.01193341]\n",
      " [-0.02442601  0.01193341  0.01      ]]\n",
      "[[ 0.18826794  0.20798158 -0.02122276]\n",
      " [ 0.20798158  0.736554    0.00751155]\n",
      " [-0.02122276  0.00751155  0.01      ]]\n",
      "[[ 0.21978599  0.23299713 -0.02140283]\n",
      " [ 0.23299713  0.75057729  0.00842114]\n",
      " [-0.02140283  0.00842114  0.01      ]]\n",
      "[[ 0.17657265  0.18731326 -0.01977625]\n",
      " [ 0.18731326  0.66196837  0.00743797]\n",
      " [-0.01977625  0.00743797  0.01      ]]\n",
      "[[ 0.16450425  0.15466791 -0.01725932]\n",
      " [ 0.15466791  0.56402037  0.00745239]\n",
      " [-0.01725932  0.00745239  0.01      ]]\n",
      "[[ 0.53058896  0.37649586 -0.02142208]\n",
      " [ 0.37649586  0.79130131  0.01416467]\n",
      " [-0.02142208  0.01416467  0.01      ]]\n",
      "[[ 0.37990869  0.29521795 -0.02038448]\n",
      " [ 0.29521795  0.71706599  0.0119629 ]\n",
      " [-0.02038448  0.0119629   0.01      ]]\n",
      "[[ 0.25902957  0.23403511 -0.01984303]\n",
      " [ 0.23403511  0.67557597  0.00966249]\n",
      " [-0.01984303  0.00966249  0.01      ]]\n",
      "[[ 0.26080184  0.22604481 -0.01931578]\n",
      " [ 0.22604481  0.6521528   0.00977195]\n",
      " [-0.01931578  0.00977195  0.01      ]]\n",
      "[[ 0.19068513  0.14802413 -0.01603179]\n",
      " [ 0.14802413  0.53452037  0.00837751]\n",
      " [-0.01603179  0.00837751  0.01      ]]\n",
      "[[ 0.08622997  0.0665083  -0.01940456]\n",
      " [ 0.0665083   0.59426643  0.00254135]\n",
      " [-0.01940456  0.00254135  0.01      ]]\n",
      "[[ 0.07824873  0.06490379 -0.01779045]\n",
      " [ 0.06490379  0.51095385  0.00279742]\n",
      " [-0.01779045  0.00279742  0.01      ]]\n",
      "[[ 0.28441992  0.26771074 -0.02166682]\n",
      " [ 0.26771074  0.7619396   0.00872179]\n",
      " [-0.02166682  0.00872179  0.01      ]]\n",
      "[[ 0.37370654  0.33525454 -0.02245054]\n",
      " [ 0.33525454  0.83002216  0.0102595 ]\n",
      " [-0.02245054  0.0102595   0.01      ]]\n",
      "[[ 0.15114093  0.14622747 -0.01924729]\n",
      " [ 0.14622747  0.59382068  0.00583764]\n",
      " [-0.01924729  0.00583764  0.01      ]]\n",
      "[[ 0.18265898  0.17124302 -0.01942736]\n",
      " [ 0.17124302  0.60784397  0.00674723]\n",
      " [-0.01942736  0.00674723  0.01      ]]\n",
      "[[ 0.13944564  0.12555914 -0.01780078]\n",
      " [ 0.12555914  0.51923505  0.00576406]\n",
      " [-0.01780078  0.00576406  0.01      ]]\n",
      "[[ 0.12737724  0.09291379 -0.01528385]\n",
      " [ 0.09291379  0.42128705  0.00577848]\n",
      " [-0.01528385  0.00577848  0.01      ]]\n",
      "[[ 0.49346195  0.31474175 -0.01944661]\n",
      " [ 0.31474175  0.64856799  0.01249076]\n",
      " [-0.01944661  0.01249076  0.01      ]]\n",
      "[[ 0.34278168  0.23346384 -0.01840901]\n",
      " [ 0.23346384  0.57433267  0.01028899]\n",
      " [-0.01840901  0.01028899  0.01      ]]\n",
      "[[ 0.22190256  0.172281   -0.01786755]\n",
      " [ 0.172281    0.53284265  0.00798858]\n",
      " [-0.01786755  0.00798858  0.01      ]]\n",
      "[[ 0.22367482  0.16429069 -0.01734031]\n",
      " [ 0.16429069  0.50941948  0.00809804]\n",
      " [-0.01734031  0.00809804  0.01      ]]\n",
      "[[ 0.15355812  0.08627001 -0.01405632]\n",
      " [ 0.08627001  0.39178706  0.0067036 ]\n",
      " [-0.01405632  0.0067036   0.01      ]]\n",
      "[[ 0.07283236  0.07514134 -0.0165267 ]\n",
      " [ 0.07514134  0.43461151  0.00334859]\n",
      " [-0.0165267   0.00334859  0.01      ]]\n",
      "[[ 0.27900355  0.27794828 -0.02040307]\n",
      " [ 0.27794828  0.68559726  0.00927296]\n",
      " [-0.02040307  0.00927296  0.01      ]]\n",
      "[[ 0.36829017  0.34549208 -0.02118679]\n",
      " [ 0.34549208  0.75367982  0.01081067]\n",
      " [-0.02118679  0.01081067  0.01      ]]\n",
      "[[ 0.14572456  0.15646501 -0.01798354]\n",
      " [ 0.15646501  0.51747835  0.00638881]\n",
      " [-0.01798354  0.00638881  0.01      ]]\n",
      "[[ 0.17724262  0.18148056 -0.01816361]\n",
      " [ 0.18148056  0.53150164  0.0072984 ]\n",
      " [-0.01816361  0.0072984   0.01      ]]\n",
      "[[ 0.13402927  0.13579669 -0.01653703]\n",
      " [ 0.13579669  0.44289272  0.00631523]\n",
      " [-0.01653703  0.00631523  0.01      ]]\n",
      "[[ 0.12196088  0.10315134 -0.0140201 ]\n",
      " [ 0.10315134  0.34494471  0.00632965]\n",
      " [-0.0140201   0.00632965  0.01      ]]\n",
      "[[ 0.48804559  0.32497929 -0.01818286]\n",
      " [ 0.32497929  0.57222565  0.01304193]\n",
      " [-0.01818286  0.01304193  0.01      ]]\n",
      "[[ 0.33736532  0.24370138 -0.01714526]\n",
      " [ 0.24370138  0.49799034  0.01084016]\n",
      " [-0.01714526  0.01084016  0.01      ]]\n",
      "[[ 0.2164862   0.18251854 -0.0166038 ]\n",
      " [ 0.18251854  0.45650032  0.00853975]\n",
      " [-0.0166038   0.00853975  0.01      ]]\n",
      "[[ 0.21825846  0.17452824 -0.01607656]\n",
      " [ 0.17452824  0.43307715  0.00864921]\n",
      " [-0.01607656  0.00864921  0.01      ]]\n",
      "[[ 0.14814175  0.09650756 -0.01279257]\n",
      " [ 0.09650756  0.31544472  0.00725477]\n",
      " [-0.01279257  0.00725477  0.01      ]]\n",
      "[[ 0.27102232  0.27634378 -0.01878896]\n",
      " [ 0.27634378  0.60228468  0.00952903]\n",
      " [-0.01878896  0.00952903  0.01      ]]\n",
      "[[ 0.36030894  0.34388758 -0.01957268]\n",
      " [ 0.34388758  0.67036724  0.01106675]\n",
      " [-0.01957268  0.01106675  0.01      ]]\n",
      "[[ 0.13774333  0.15486051 -0.01636943]\n",
      " [ 0.15486051  0.43416576  0.00664489]\n",
      " [-0.01636943  0.00664489  0.01      ]]\n",
      "[[ 0.16926138  0.17987606 -0.0165495 ]\n",
      " [ 0.17987606  0.44818906  0.00755448]\n",
      " [-0.0165495   0.00755448  0.01      ]]\n",
      "[[ 0.12604803  0.13419219 -0.01492292]\n",
      " [ 0.13419219  0.35958014  0.00657131]\n",
